0.03718836	5.95E-13	-1
0.03718836	3.00E-14	-1
0.03718836	3.00E-14	-1
0.03718836	3.00E-14	-1
0.03718836	1.83E-12	-1
0.03718836	3.00E-14	-1
0.03718836	3.07E-11	-1
0.03718836	3.00E-14	-1
0.03718836	1.20E-12	-1
0.03718836	3.00E-14	-1
0.03718836	2.41E-11	-1
0.03718836	3.00E-14	-1
0.03718836	1.07E-13	-1
0.03718836	3.00E-14	-1
0.03718836	7.46E-11	-1
0.03718836	0.95973	1
0.03718836	3.00E-14	-1
0.03718836	3.00E-14	-1
0.03718836	5.76E-11	-1
0.03718836	0.37579	1
0.03718836	5.10E-08	-1
0.03718836	3.00E-14	-1
0.03718836	3.00E-14	-1
0.03718836	7.51E-12	-1
0.03718836	0.94275	1
0.03718836	3.22E-07	-1
0.03718836	4.17E-13	-1
0.03718836	3.00E-14	-1
0.03718836	4.29E-10	-1
0.03718836	0.86567	1
0.03718836	9.20E-09	-1
0.03718836	1.29E-13	-1
0.03718836	3.00E-14	-1
0.03718836	3.00E-14	-1
0.03718836	0.54022	1
0.03718836	1.97E-09	-1
0.03718836	6.82E-13	-1
0.03718836	3.00E-14	-1
0.03718836	5.48E-11	-1
0.03718836	0.95082	1
0.03718836	1.44E-07	-1
0.03718836	6.42E-13	-1
0.03718836	3.00E-14	-1
0.03718836	1.62E-10	-1
0.03718836	0.85176	1
0.03718836	2.39E-08	-1
0.03718836	3.00E-14	-1
0.03718836	3.00E-14	-1
0.03718836	2.49E-09	-1
0.03718836	1.01E-09	-1
0.03718836	0.62201	1
0.03718836	4.19E-13	-1
0.03718836	3.00E-14	-1
0.03718836	1.75E-13	-1
0.03718836	0.80747	1
0.03718836	2.69E-07	-1
0.03718836	1.44E-12	-1
0.03718836	3.00E-14	-1
0.03718836	0.91591	1
0.03718836	9.24E-10	-1
0.03718836	7.35E-10	-1
0.03718836	4.84E-14	-1
0.03718836	3.00E-14	-1
0.03718836	0.53766	1
0.03718836	8.19E-11	-1
0.03718836	9.37E-07	-1
0.03718836	4.80E-12	-1
0.03718836	3.00E-14	-1
0.03718836	1.40E-06	-1
0.03718836	0.94941	1
0.03718836	3.85E-09	-1
0.03718836	1.22E-12	-1
0.03718836	3.00E-14	-1
0.03718836	0.96588	1
0.03718836	2.38E-08	-1
0.03718836	1.24E-10	-1
0.03718836	3.00E-14	-1
0.03718836	3.00E-14	-1
0.03718836	9.99E-08	-1
0.03718836	0.9133	1
0.03718836	2.45E-11	-1
0.03718836	1.52E-13	-1
0.03718836	3.00E-14	-1
0.03718836	3.93E-06	-1
0.03718836	0.97097	1
0.03718836	3.00E-14	-1
0.03718836	5.97E-10	-1
0.03718836	3.00E-14	-1
0.03718836	3.00E-14	-1
0.03718836	2.65E-07	-1
0.03718836	0.9676	1
0.03718836	9.62E-14	-1
0.03718836	2.65E-09	-1
0.03718836	3.00E-14	-1
0.03718836	3.00E-14	-1
0.03718836	9.37E-07	-1
0.03718836	0.30825	1
0.03718836	3.00E-14	-1
0.03718836	5.46E-11	-1
0.03718836	3.00E-14	-1
0.03718836	3.00E-14	-1
0.03718836	4.02E-08	-1
0.03718836	3.00E-14	-1
0.03718836	0.97293	1
0.03718836	4.63E-12	-1
0.03718836	2.38E-12	-1
0.03718836	3.00E-14	-1
0.03718836	6.86E-07	-1
0.03718836	2.71E-12	-1
0.03718836	1.51E-09	-1
0.03718836	0.91655	1
0.03718836	3.00E-14	-1
0.03718836	3.00E-14	-1
0.03718836	7.56E-07	-1
0.03718836	3.00E-14	-1
0.03718836	2.19E-10	-1
0.03718836	0.96413	1
0.03718836	3.04E-14	-1
0.03718836	3.00E-14	-1
0.03718836	3.87E-07	-1
0.03718836	1.07E-13	-1
0.03718836	2.58E-08	-1
0.03718836	0.66017	1
0.03718836	3.09E-14	-1
0.03718836	6.14E-14	-1
0.03718836	7.93E-08	-1
0.03718836	3.00E-14	-1
0.03718836	2.35E-11	-1
0.03718836	0.65899	1
0.03718836	3.00E-14	-1
0.03718836	1.71E-12	-1
0.03718836	7.94E-06	-1
0.03718836	3.73E-13	-1
0.03718836	0.88613	1
0.03718836	2.75E-10	-1
0.03718836	1.27E-13	-1
0.03718836	3.00E-14	-1
0.03718836	1.31E-05	-1
0.03718836	3.00E-14	-1
0.03718836	2.54E-08	-1
0.03718836	0.97646	1
0.03718836	3.00E-14	-1
0.03718836	3.00E-14	-1
0.03718836	2.13E-06	-1
0.03718836	3.00E-14	-1
0.03718836	6.70E-11	-1
0.03718836	0.96452	1
0.03718836	1.42E-12	-1
0.03718836	3.00E-14	-1
0.03718836	3.00E-14	-1
0.03718836	1.04E-06	-1
0.03718836	6.79E-09	-1
0.03718836	3.00E-14	-1
0.03718836	0.89204	1
0.03718836	3.00E-14	-1
0.03718836	1.90E-11	-1
0.03718836	3.97E-07	-1
0.03718836	3.00E-14	-1
0.03718836	7.04E-11	-1
0.03718836	0.93617	1
0.03718836	3.00E-14	-1
0.03718836	3.00E-14	-1
0.03718836	1.53E-06	-1
0.03718836	3.00E-14	-1
0.03718836	5.41E-08	-1
0.03718836	0.62977	1
0.03718836	3.00E-14	-1
0.03718836	3.00E-14	-1
0.03718836	4.70E-11	-1
0.03718836	8.86E-14	-1
0.03718836	1.10E-11	-1
0.03718836	3.00E-14	-1
0.03718836	0.65575	1
0.03718836	3.63E-12	-1
0.03718836	8.17E-07	-1
0.03718836	3.00E-14	-1
0.03718836	1.73E-08	-1
0.03718836	3.00E-14	-1
0.03718836	0.98391	1
0.03718836	2.00E-13	-1
0.03718836	3.03E-08	-1
0.03718836	3.00E-14	-1
0.03718836	3.00E-14	-1
0.03718836	1.72E-07	-1
0.03718836	0.7164	1
0.03718836	3.00E-14	-1
0.03718836	9.57E-06	-1
0.03718836	3.00E-14	-1
0.03718836	3.00E-14	-1
0.03718836	2.75E-08	-1
0.03718836	0.96226	1
0.03718836	4.96E-14	-1
0.03718836	1.70E-06	-1
0.03718836	2.25E-12	-1
0.03718836	3.00E-14	-1
0.03718836	1.02E-12	-1
0.03718836	8.65E-13	-1
0.03718836	0.68586	1
0.03718836	2.42E-08	-1
0.03718836	3.00E-14	-1
0.03718836	1.81E-09	-1
0.03718836	3.00E-14	-1
0.03718836	0.9321	1
0.03718836	3.83E-13	-1
0.03718836	3.83E-07	-1
0.03718836	3.00E-14	-1
0.03718836	3.00E-14	-1
0.03718836	0.95832	1
0.03718836	5.17E-07	-1
0.03718836	9.63E-14	-1
0.03718836	3.00E-14	-1
0.03718836	8.02E-12	-1
0.03718836	3.00E-14	-1
0.03718836	0.84842	1
0.03718836	8.75E-06	-1
0.03718836	3.00E-14	-1
0.03718836	2.24E-13	-1
0.03718836	3.00E-14	-1
0.03718836	4.62E-09	-1
0.03718836	0.85106	1
0.03718836	7.13E-12	-1
0.03718836	2.66E-13	-1
0.03718836	3.00E-14	-1
0.03718836	0.098554	1
0.03718836	2.05E-08	-1
0.03718836	2.70E-13	-1
0.03718836	1.20E-12	-1
0.03718836	3.00E-14	-1
0.03718836	0.36351	1
0.03718836	8.92E-07	-1
0.03718836	3.41E-13	-1
0.03718836	1.17E-13	-1
0.03718836	3.00E-14	-1
0.03718836	0.93933	1
0.03718836	1.82E-07	-1
0.03718836	3.00E-14	-1
0.03718836	3.00E-14	-1
0.03718836	3.00E-14	-1
0.03718836	4.63E-07	-1
0.03718836	3.63E-14	-1
0.03718836	1.10E-13	-1
0.03718836	3.00E-14	-1
0.03718836	3.66E-07	-1
0.03718836	7.91E-13	-1
0.03718836	0.5556	1
0.03718836	3.60E-13	-1
0.03718836	3.00E-14	-1
0.03718836	8.05E-09	-1
0.03718836	1.24E-13	-1
0.03718836	2.18E-11	-1
0.03718836	5.62E-14	-1
0.03718836	2.74E-12	-1
0.03718836	8.05E-09	-1
0.03718836	3.00E-14	-1
0.03718836	3.00E-14	-1
0.03718836	3.00E-14	-1
0.03718836	1.60E-11	-1
0.03718836	3.00E-14	-1
0.03718836	6.25E-14	-1
0.03718836	1.19E-12	-1
0.03718836	3.00E-14	-1
0.03718836	1.08E-13	-1
0.03718836	2.54E-11	-1
0.03718836	3.00E-14	-1
0.03718836	2.66E-13	-1
0.03718836	1.22E-11	-1
0.03718836	3.00E-14	-1
0.03718836	6.33E-13	-1
0.03718836	3.14E-14	-1
0.03718836	3.00E-14	-1
0.03718836	3.00E-14	-1
0.03718836	6.85E-12	-1
0.03718836	3.00E-14	-1
0.03718836	6.95E-13	-1
0.03718836	3.00E-14	-1
0.03718836	3.00E-14	-1
0.03718836	8.79E-12	-1
0.03718836	8.13E-14	-1
0.03718836	3.00E-14	-1
0.03718836	3.00E-14	-1
0.03718836	3.00E-14	-1
0.03718836	4.21E-14	-1
0.03718836	3.00E-14	-1
0.03718836	3.00E-14	-1
0.03718836	3.00E-14	-1
0.03718836	3.00E-14	-1
0.03718836	6.17E-14	-1
0.03718836	4.79E-14	-1
0.03718836	2.18E-12	-1
0.03718836	3.00E-14	-1
0.03718836	1.05E-12	-1
0.03718836	3.00E-14	-1
0.03718836	1.55E-13	-1
0.03718836	3.00E-14	-1
0.03718836	1.44E-13	-1
0.03718836	3.00E-14	-1
0.03718836	2.37E-13	-1
0.03718836	3.00E-14	-1
0.03718836	1.06E-13	-1
0.03718836	3.00E-14	-1
0.03718836	1.95E-12	-1
0.03718836	3.00E-14	-1
0.03718836	3.00E-14	-1
0.03718836	6.03E-12	-1
0.03718836	6.48E-13	-1
0.03718836	3.00E-14	-1
0.03718836	3.59E-13	-1
0.03718836	6.89E-13	-1
0.03718836	7.28E-14	-1
0.03718836	3.30E-14	-1
0.03718836	3.00E-14	-1
0.03718836	9.76E-13	-1
0.03718836	3.00E-14	-1
0.03718836	3.92E-13	-1
0.03718836	1.06E-13	-1
0.03749456	2.38E-08	-1
0.03749456	3.10E-06	-1
0.03749456	1.40E-06	-1
0.03749456	6.99E-06	-1
0.03749456	1.65E-05	-1
0.03749456	4.09E-07	-1
0.03749456	3.03E-06	-1
0.03749456	7.37E-08	-1
0.03749456	5.64E-07	-1
0.03749456	4.64E-07	-1
0.03749456	2.11E-08	-1
0.03749456	1.47E-07	-1
0.03749456	4.11E-10	-1
0.03749456	7.71E-06	-1
0.03749456	5.88E-07	-1
0.03749456	3.65E-07	-1
0.03749456	0.0028992	-1
0.03749456	9.12E-09	-1
0.03749456	4.34E-06	-1
0.03749456	8.05E-06	-1
0.03749456	1.59E-06	-1
0.03749456	1.14E-07	-1
0.03749456	1.19E-06	-1
0.03749456	3.74E-08	-1
0.03749456	1.00E-06	-1
0.03749456	1.03E-07	-1
0.03749456	8.38E-06	-1
0.03749456	2.06E-06	-1
0.03749456	1.59E-07	-1
0.03749456	0.0035553	-1
0.03749456	1.69E-08	-1
0.03749456	5.43E-07	-1
0.03749456	1.01E-08	-1
0.03749456	0.0063447	-1
0.03749456	6.42E-06	-1
0.03749456	9.37E-07	-1
0.03749456	2.25E-06	-1
0.03749456	3.17E-06	-1
0.03749456	0.0039501	-1
0.03749456	0.010531	-1
0.03749456	0.010531	-1
0.03752283	5.84E-08	-1
0.03752283	3.66E-10	-1
0.03752283	1.02E-12	-1
0.03752283	3.42E-08	-1
0.03752283	2.82E-10	-1
0.03752283	4.04E-08	-1
0.03752283	1.72E-09	-1
0.03752283	1.27E-08	-1
0.03752283	1.66E-09	-1
0.03752283	3.03E-08	-1
0.03752283	1.99E-08	-1
0.03752283	3.97E-09	-1
0.03752283	8.11E-12	-1
0.03752283	3.66E-07	-1
0.03752283	2.03E-09	-1
0.03752283	5.12E-13	-1
0.03752283	1.10E-12	-1
0.03752283	2.07E-09	-1
0.03752283	8.93E-08	-1
0.03752283	3.00E-14	-1
0.03752283	9.47E-14	-1
0.03752283	1.96E-08	-1
0.03752283	4.90E-14	-1
0.03752283	2.07E-12	-1
0.03752283	7.04E-07	-1
0.03752283	2.36E-08	-1
0.03752283	5.71E-07	-1
0.03752283	1.16E-05	-1
0.03752283	3.00E-14	-1
0.03752283	3.00E-14	-1
0.03753398	8.46E-14	-1
0.03753398	7.19E-14	-1
0.03753398	1.20E-13	-1
0.03753398	8.49E-14	-1
0.03753398	4.05E-14	-1
0.03753398	3.00E-14	-1
0.03753398	3.54E-13	-1
0.03753398	9.17E-14	-1
0.03753398	4.86E-14	-1
0.03753398	1.37E-13	-1
0.03753398	4.79E-14	-1
0.03753398	4.79E-14	-1
0.03775444	3.00E-14	-1
0.03775444	3.00E-14	-1
0.04364094	1.17E-12	-1
0.04395875	6.33E-10	-1
0.04564964	5.70E-11	-1
0.04680527	3.00E-14	-1
0.04703988	3.00E-14	-1
0.04997616	0.0064486	-1
0.05019904	3.92E-08	-1
0.05110019	7.69E-14	-1
0.0586153	0.40024	1
0.06208548	6.26E-14	-1
0.07303917	2.04E-11	-1
0.07401318	4.59E-11	-1
0.07684551	3.00E-14	-1
0.07684551	3.00E-14	-1
0.07684551	3.00E-14	-1
0.07684551	3.00E-14	-1
0.07684551	3.00E-14	-1
0.07684551	3.55E-14	-1
0.07684551	3.00E-14	-1
0.07684551	4.19E-13	-1
0.07684551	3.00E-14	-1
0.07684551	3.00E-14	-1
0.07684551	3.00E-14	-1
0.07684551	3.00E-14	-1
0.07684551	3.00E-14	-1
0.07684551	3.00E-14	-1
0.07684551	3.24E-14	-1
0.07684551	3.00E-14	-1
0.07684551	3.00E-14	-1
0.07684551	3.00E-14	-1
0.07684551	3.00E-14	-1
0.07684551	3.00E-14	-1
0.07684551	3.00E-14	-1
0.07684551	3.00E-14	-1
0.07684551	1.41E-13	-1
0.07684551	3.00E-14	-1
0.07684551	3.00E-14	-1
0.07684551	3.00E-14	-1
0.07684551	3.00E-14	-1
0.07684551	3.00E-14	-1
0.07684551	3.00E-14	-1
0.07684551	3.00E-14	-1
0.07684551	3.00E-14	-1
0.07684551	3.00E-14	-1
0.07684551	3.00E-14	-1
0.07684551	3.00E-14	-1
0.07684551	3.00E-14	-1
0.07684551	3.00E-14	-1
0.07684551	3.00E-14	-1
0.07684551	3.00E-14	-1
0.07684551	3.00E-14	-1
0.07684551	3.00E-14	-1
0.07684551	3.00E-14	-1
0.07684551	3.00E-14	-1
0.07684551	3.00E-14	-1
0.07684551	1.11E-13	-1
0.07684551	3.55E-14	-1
0.07684551	3.00E-14	-1
0.07684551	3.00E-14	-1
0.07684551	3.00E-14	-1
0.07684551	3.00E-14	-1
0.07684551	3.00E-14	-1
0.07684551	3.00E-14	-1
0.07684551	3.00E-14	-1
0.07684551	3.89E-14	-1
0.07684551	3.00E-14	-1
0.07684551	3.00E-14	-1
0.07684551	3.00E-14	-1
0.07684551	6.93E-13	-1
0.07684551	4.17E-14	-1
0.07684551	7.43E-14	-1
0.07684551	3.00E-14	-1
0.07684551	3.00E-14	-1
0.07684551	3.00E-14	-1
0.07684551	3.00E-14	-1
0.07684551	3.00E-14	-1
0.07684551	3.73E-13	-1
0.07684551	4.79E-14	-1
0.07684551	3.00E-14	-1
0.07684551	3.00E-14	-1
0.07684551	7.93E-14	-1
0.07684551	3.00E-14	-1
0.07684551	3.00E-14	-1
0.07716884	7.93E-08	-1
0.07755566	3.00E-14	-1
0.0783351	3.00E-14	-1
0.08276422	0.042399	-1
0.08367967	3.00E-14	-1
0.08633232	0.010355	-1
0.08841906	3.25E-11	-1
0.0966403	0.94744	1
0.09843666	0.011764	-1
0.09843666	3.91E-09	-1
0.09843666	1.46E-08	-1
0.09843666	3.16E-07	-1
0.09843666	1.07E-08	-1
0.09843666	4.31E-06	-1
0.09843666	3.63E-06	-1
0.09843666	7.26E-06	-1
0.09843666	0.004955	-1
0.09843666	1.86E-06	-1
0.09843666	0.011451	-1
0.09843666	5.92E-06	-1
0.09843666	0.0062034	-1
0.09843666	1.21E-10	-1
0.09843666	1.21E-10	-1
0.10220058	7.52E-14	-1
0.10255592	4.06E-10	-1
0.10255592	1.08E-13	-1
0.10255592	1.17E-10	-1
0.10255592	3.88E-12	-1
0.10255592	2.26E-11	-1
0.10255592	1.32E-10	-1
0.10255592	2.73E-09	-1
0.10255592	1.54E-10	-1
0.10255592	7.12E-11	-1
0.10255592	2.24E-10	-1
0.10350439	2.95E-06	-1
0.10511863	3.00E-14	-1
0.11040348	4.28E-10	-1
0.1159439	0.0083062	-1
0.1159439	1.71E-07	-1
0.1159439	3.51E-07	-1
0.1159439	1.66E-11	-1
0.1159439	1.91E-06	-1
0.1159439	0.012947	-1
0.1159439	1.16E-06	-1
0.1159439	1.50E-07	-1
0.1159439	3.29E-11	-1
0.1159439	0.012383	-1
0.1159439	1.98E-06	-1
0.1159439	6.06E-09	-1
0.1159439	6.90E-10	-1
0.1159439	8.95E-11	-1
0.1200817	0.019173	-1
0.12011938	8.75E-09	-1
0.12224116	8.94E-09	-1
0.12481898	2.84E-08	-1
0.12965962	2.37E-10	-1
0.13045076	0.0031054	-1
0.13110464	1.76E-12	-1
0.13110464	1.30E-10	-1
0.1329976	1.40E-06	-1
0.13645513	0.80108	-1
0.13656316	0.01225	-1
0.13656316	0.0028286	-1
0.13656316	0.0080134	-1
0.13656316	5.32E-09	-1
0.13656316	1.58E-05	-1
0.13656316	2.71E-07	-1
0.13656316	4.83E-07	-1
0.13656316	0.10576	-1
0.13656316	5.89E-06	-1
0.13656316	0.12437	-1
0.13656316	4.23E-07	-1
0.13656316	0.019562	-1
0.13656316	2.40E-06	-1
0.13656316	0.0045149	-1
0.13656316	3.52E-06	-1
0.13756853	0.22096	-1
0.13861126	4.17E-08	-1
0.13861126	0.0043875	-1
0.13861126	1.13E-06	-1
0.13861126	3.52E-08	-1
0.13861126	0.0048712	-1
0.13861126	1.18E-07	-1
0.13861126	9.14E-10	-1
0.13861126	0.0026118	-1
0.13861126	4.51E-06	-1
0.13861126	4.36E-09	-1
0.13861126	1.03E-05	-1
0.13861126	4.80E-07	-1
0.13861126	9.87E-07	-1
0.13861126	2.64E-07	-1
0.13861126	5.27E-07	-1
0.13861126	5.38E-06	-1
0.13861126	1.71E-07	-1
0.13861126	2.33E-08	-1
0.13861126	1.45E-06	-1
0.13861126	0.0035292	-1
0.13861126	6.67E-10	-1
0.13861126	1.17E-07	-1
0.13861126	5.92E-06	-1
0.13861126	5.39E-10	-1
0.13861126	4.46E-10	-1
0.13861126	5.02E-06	-1
0.13861126	0.0051591	-1
0.13861126	2.98E-06	-1
0.13861126	1.24E-08	-1
0.13861126	4.24E-07	-1
0.13861126	2.02E-08	-1
0.13861126	4.60E-08	-1
0.13861126	0.0036543	-1
0.13861126	6.96E-07	-1
0.13861126	1.44E-07	-1
0.13861126	2.97E-06	-1
0.13861126	7.45E-10	-1
0.13861126	2.70E-09	-1
0.13861126	5.98E-07	-1
0.13861126	1.56E-09	-1
0.13861126	1.99E-07	-1
0.13861126	5.74E-09	-1
0.13861126	1.13E-11	-1
0.13861126	6.63E-07	-1
0.13861126	3.67E-08	-1
0.13861126	1.69E-05	-1
0.13861126	3.38E-09	-1
0.13861126	1.14E-05	-1
0.13861126	7.10E-08	-1
0.13861126	4.09E-09	-1
0.13861126	0.0051032	-1
0.13861126	1.06E-07	-1
0.13861126	1.17E-08	-1
0.13861126	2.77E-06	-1
0.13861126	3.33E-07	-1
0.13861126	3.56E-11	-1
0.13861126	1.01E-08	-1
0.13861126	1.84E-07	-1
0.13861126	0.0025441	-1
0.13861126	1.56E-09	-1
0.13861126	4.83E-06	-1
0.13861126	0.0029232	-1
0.13861126	1.68E-07	-1
0.13861126	6.06E-07	-1
0.13861126	4.69E-07	-1
0.13861126	4.18E-09	-1
0.13861126	2.17E-08	-1
0.13861126	2.56E-11	-1
0.13861126	1.76E-06	-1
0.13861126	3.71E-10	-1
0.13861126	2.34E-09	-1
0.13861126	1.43E-07	-1
0.13861126	9.57E-09	-1
0.13861126	1.47E-07	-1
0.13861126	1.62E-06	-1
0.13861126	3.00E-14	-1
0.13861126	2.79E-08	-1
0.13861126	2.73E-08	-1
0.13861126	1.53E-07	-1
0.13861126	2.30E-08	-1
0.13861126	3.63E-07	-1
0.13861126	1.15E-05	-1
0.13861126	1.56E-08	-1
0.13861126	1.56E-08	-1
0.14059415	0.0028423	-1
0.14105794	4.23E-14	-1
0.14105794	7.95E-14	-1
0.14105794	3.00E-14	-1
0.14105794	3.00E-14	-1
0.14105794	1.24E-13	-1
0.14105794	7.20E-14	-1
0.14105794	5.16E-14	-1
0.14105794	2.26E-13	-1
0.14105794	1.27E-12	-1
0.14105794	2.54E-12	-1
0.14154311	6.15E-12	-1
0.14422358	0.9403	-1
0.14423256	0.07372	-1
0.14538171	6.65E-13	-1
0.14735806	0.0034064	-1
0.14862121	0.0030586	-1
0.15456477	0.020129	-1
0.15591467	0.026548	-1
0.15716098	1.62E-08	-1
0.15716098	4.20E-06	-1
0.15716098	0.0037284	-1
0.15716098	0.0050347	-1
0.15716098	8.68E-06	-1
0.15716098	0.016412	-1
0.15716098	0.10231	-1
0.15716098	3.75E-06	-1
0.15716098	3.47E-06	-1
0.15716098	0.0066378	-1
0.15716098	0.01259	-1
0.15716098	2.51E-06	-1
0.15716098	1.16E-06	-1
0.15716098	1.96E-06	-1
0.15716098	0.0045948	-1
0.15716098	0.012552	-1
0.15716098	0.0039748	-1
0.15716098	2.09E-09	-1
0.15716098	0.0034067	-1
0.15716098	0.021612	-1
0.15716098	0.018502	-1
0.15716098	0.0082585	-1
0.15716098	0.0060669	-1
0.15716098	0.019639	-1
0.15716098	0.006958	-1
0.15716098	0.0028409	-1
0.15716098	6.98E-07	-1
0.15716098	0.011788	-1
0.15716098	5.40E-06	-1
0.15716098	0.020467	-1
0.15716098	0.080671	-1
0.15716098	0.013457	-1
0.15716098	0.016916	-1
0.15716098	0.013354	-1
0.15716098	0.012325	-1
0.15726955	2.59E-11	-1
0.1582284	0.099134	-1
0.15839856	2.56E-10	-1
0.15933291	0.87438	1
0.16085049	0.027332	-1
0.1609413	1.36E-12	-1
0.16303538	3.02E-11	-1
0.16528304	0.069342	-1
0.16666667	5.06E-09	-1
0.16666667	5.29E-13	-1
0.16666667	1.23E-05	-1
0.16666667	2.29E-11	-1
0.16666667	0.0049902	1
0.16666667	0.96484	1
0.16666667	0.086108	1
0.16666667	5.51E-06	-1
0.16666667	0.81878	1
0.16666667	0.98483	-1
0.16666667	9.42E-06	1
0.16666667	0.012108	1
0.16666667	0.9636	1
0.16666667	0.71461	-1
0.16666667	0.011169	1
0.16666667	3.51E-06	1
0.16666667	0.90971	1
0.16666667	0.95115	1
0.16666667	0.003717	-1
0.16666667	0.056402	1
0.16666667	0.0039418	1
0.16666667	8.40E-07	-1
0.16666667	7.45E-07	-1
0.16666667	0.23622	-1
0.16666667	0.097311	-1
0.16666667	0.080881	-1
0.16666667	1.19E-06	-1
0.16666667	1.40E-10	-1
0.16666667	3.42E-09	-1
0.16666667	2.08E-09	-1
0.16666667	8.90E-09	-1
0.16666667	5.82E-13	-1
0.16666667	1.35E-12	-1
0.18316777	0.014107	1
0.22820814	0.14437	1
0.23722473	0.067815	1
0.2514597	0.99614	1
0.27291607	0.99595	1
0.27610029	0.6862	1
0.27914809	0.59269	1
0.27932458	0.21192	1
0.28496141	0.98606	1
0.34774622	0.99988	1
0.34774622	0.91433	1
0.3596423	0.29609	1
0.36892615	0.99824	1
0.3749505	0.90113	1
0.40981637	0.036916	1
0.42777555	0.98953	1
0.43454222	0.99494	1
0.44017316	0.98782	1
0.45261911	0.9999	1
0.45642292	0.97141	1
0.46446677	0.18497	1
0.46446677	0.99083	1
0.46446677	0.91092	1
0.46446677	0.99921	1
0.46446677	0.56866	1
0.46446677	0.99841	1
0.46446677	0.84886	1
0.46446677	0.99946	1
0.46446677	0.95818	1
0.46446677	0.99979	1
0.46446677	0.97873	1
0.46446677	0.98797	1
0.46446677	0.053302	1
0.46446677	0.99768	1
0.46446677	0.98462	1
0.46446677	0.99997	1
0.46446677	0.99188	1
0.46446677	0.999	1
0.46446677	0.9774	1
0.46446677	0.99995	1
0.46446677	0.68679	1
0.46446677	0.99893	1
0.46446677	0.79326	1
0.46446677	0.9993	1
0.46446677	0.65379	1
0.46446677	0.99931	1
0.46446677	0.95762	1
0.46446677	0.73927	1
0.46446677	0.83279	1
0.46446677	0.99987	1
0.46446677	0.98135	1
0.46446677	0.99303	1
0.46446677	0.92162	1
0.46446677	0.99797	1
0.46446677	0.75714	1
0.46446677	0.99975	1
0.46446677	0.59303	1
0.46446677	0.99993	1
0.46446677	0.64567	1
0.46446677	0.99975	1
0.46446677	0.9969	1
0.46446677	0.99996	1
0.46446677	0.60625	1
0.46446677	0.99986	1
0.46446677	0.98038	1
0.46446677	0.99812	1
0.46446677	0.75311	1
0.46446677	0.99993	1
0.46446677	0.60821	1
0.46446677	0.99992	1
0.46446677	0.97067	1
0.46446677	0.99982	1
0.46446677	0.41823	1
0.46446677	0.99966	1
0.46446677	0.8741	1
0.46446677	0.99953	1
0.46446677	0.98835	1
0.46446677	0.9977	1
0.46446677	0.40027	1
0.46446677	0.99888	1
0.46446677	0.99679	1
0.46446677	0.68547	1
0.46446677	0.99782	1
0.46446677	0.94337	1
0.46446677	0.94422	1
0.46446677	0.42868	1
0.46446677	0.92299	1
0.46446677	0.99228	1
0.46446677	0.52582	1
0.46446677	0.99983	1
0.46446677	0.99949	1
0.46446677	0.92624	1
0.46446677	0.99983	1
0.46446677	0.99889	1
0.46446677	0.99954	1
0.46446677	0.9628	1
0.46446677	0.99929	1
0.46446677	0.98986	1
0.46446677	0.99006	1
0.46446677	0.99747	1
0.46708118	0.9999	1
0.46959413	0.10004	1
0.46959413	0.93198	1
0.46959413	0.99516	1
0.46959413	0.98537	1
0.46959413	0.99311	1
0.46959413	0.95252	1
0.46959413	0.77172	1
0.46959413	0.37589	1
0.46959413	0.96253	1
0.46959413	0.67843	1
0.46959413	0.15493	1
0.46959413	0.94475	1
0.46959413	0.98974	1
0.46959413	0.75079	1
0.46959413	0.94024	1
0.46959413	0.98095	1
0.46959413	0.99695	1
0.46959413	0.98978	1
0.46959413	0.99115	1
0.46959413	0.99514	1
0.46959413	0.93238	1
0.46959413	0.97769	1
0.46959413	0.92874	1
0.46959413	0.64066	1
0.46959413	0.99862	1
0.46959413	0.67053	1
0.46959413	0.77871	1
0.46959413	0.99504	1
0.46959413	0.99034	1
0.46959413	0.025562	1
0.4836957	0.99999	1
0.51559251	0.98117	1
0.51679851	0.97723	1
0.5365439	0.99253	1
0.5365439	0.87946	1
0.5365439	0.95837	1
0.5365439	0.96195	1
0.5365439	0.99384	1
0.5365439	0.98411	1
0.5365439	0.93283	1
0.5365439	0.99711	1
0.5365439	0.99275	1
0.5365439	0.99776	1
0.5365439	0.98844	1
0.5365439	0.98056	1
0.5365439	0.9733	1
0.5365439	0.99538	1
0.5365439	0.99959	1
0.5365439	0.98193	1
0.5365439	0.99695	1
0.5365439	0.9952	1
0.5365439	0.96743	1
0.5365439	0.99029	1
0.5365439	0.95378	1
0.5365439	0.99853	1
0.5365439	0.98404	1
0.5365439	0.98379	1
0.5365439	0.99266	1
0.5365439	0.98086	1
0.5365439	0.99915	1
0.5365439	0.99564	1
0.5365439	0.99586	1
0.5365439	0.98591	1
0.5365439	0.98016	1
0.5365439	0.99907	1
0.5365439	0.9953	1
0.5365439	0.99505	1
0.5365439	0.99776	1
0.5365439	0.97665	1
0.55430865	0.99999	1
0.56278121	0.98188	1
0.58484828	1	1
0.58959135	1	1
0.58959135	1	1
0.58959135	0.99949	1
0.58959135	0.99999	1
0.58959135	0.99996	1
0.58959135	0.99995	1
0.58959135	0.99895	1
0.58959135	1	1
0.58959135	0.99967	1
0.58959135	1	1
0.58959135	0.99999	1
0.58959135	0.99996	1
0.58959135	1	1
0.58959135	0.99998	1
0.58959135	0.99999	1
0.58959135	0.99948	1
0.58959135	0.99999	1
0.58959135	1	1
0.58959135	0.99999	1
0.58959135	0.9996	1
0.58959135	0.99956	1
0.58959135	0.99996	1
0.58959135	0.99995	1
0.58959135	0.99991	1
0.58959135	0.9999	1
0.58959135	0.99875	1
0.58959135	0.99997	1
0.58959135	0.99999	1
0.58959135	0.99981	1
0.58959135	0.99999	1
0.58959135	1	1
0.58959135	0.99998	1
0.58959135	0.99998	1
0.58959135	1	1
0.58959135	0.97355	1
0.58959135	0.99917	1
0.58959135	0.99939	1
0.58959135	0.99968	1
0.58959135	0.9998	1
0.58959135	0.99999	1
0.58959135	0.99999	1
0.58959135	0.99437	1
0.58959135	0.99953	1
0.60199737	0.99998	1
0.60438808	0.99999	1
0.60438808	0.99925	1
0.63257018	1	1
0.63257018	1	1
0.63257018	0.99997	1
0.63257018	0.99999	1
0.63257018	0.99997	1
0.63257018	0.99994	1
0.63257018	1	1
0.63257018	1	1
0.63257018	0.99999	1
0.63257018	1	1
0.63257018	0.99989	1
0.63257018	0.99988	1
0.63257018	1	1
0.63257018	0.99919	1
0.63257018	1	1
0.63257018	0.99989	1
0.63257018	0.99998	1
0.63257018	0.99992	1
0.63257018	0.99999	1
0.63257018	0.99999	1
0.63257018	0.99997	1
0.63257018	0.99999	1
0.63257018	0.99999	1
0.63257018	1	1
0.63257018	0.99998	1
0.63257018	0.99984	1
0.63257018	1	1
0.63257018	0.99996	1
0.63257018	0.99996	1
0.63257018	1	1
0.63257018	1	1
0.63257018	1	1
0.63257018	1	1
0.63257018	1	1
0.63257018	0.99999	1
0.63257018	0.99995	1
0.63257018	0.99999	1
0.63257018	1	1
0.63257018	0.99998	1
0.63257018	0.99999	1
0.63257018	0.99999	1
0.63257018	1	1
0.63257018	0.99998	1
0.64382089	0.99955	1
0.64653297	0.99998	1
0.64653297	1	1
0.64653297	1	1
0.64653297	0.99995	1
0.64653297	0.99999	1
0.64653297	0.99995	1
0.64653297	0.99997	1
0.64653297	0.99998	1
0.64653297	1	1
0.64653297	0.99978	1
0.64653297	0.99972	1
0.64653297	0.99921	1
0.64653297	0.99996	1
0.64653297	1	1
0.64653297	0.99978	1
0.64653297	0.99994	1
0.64653297	0.99998	1
0.64653297	0.99998	1
0.64653297	0.99994	1
0.64653297	1	1
0.64653297	0.99997	1
0.64653297	1	1
0.64653297	0.99997	1
0.64653297	1	1
0.64653297	0.99998	1
0.64653297	0.99929	1
0.64653297	0.99999	1
0.64653297	0.99989	1
0.64653297	1	1
0.64653297	0.99976	1
0.64653297	1	1
0.64653297	0.99882	1
0.64653297	1	1
0.64653297	0.99997	1
0.64653297	0.99995	1
0.64653297	0.99903	1
0.64653297	0.99999	1
0.64653297	0.99965	1
0.64653297	0.99999	1
0.64653297	0.99987	1
0.64653297	1	1
0.64653297	0.99995	1
0.64653297	0.99995	1
0.70838521	0.99961	1
0.74136088	0.99979	1
0.76004924	0.99982	1
0.76362164	1	1
0.78396645	0.9999	1
0.8140582	0.99705	1
0.8140582	1	1
0.8140582	0.99986	1
0.8140582	1	1
0.8140582	0.99891	1
0.8140582	0.99993	1
0.8140582	1	1
0.8140582	0.99951	1
0.8140582	0.99997	1
0.8140582	0.99962	1
0.8140582	0.99989	1
0.8140582	1	1
0.8140582	0.99943	1
0.8140582	0.99998	1
0.8140582	0.99996	1
0.8140582	0.9991	1
0.8140582	0.99937	1
0.8140582	1	1
0.8140582	0.99998	1
0.8140582	0.9977	1
0.8140582	0.99832	1
0.8140582	0.99988	1
0.8140582	1	1
0.8140582	0.99997	1
0.8140582	0.99998	1
0.8140582	0.99995	1
0.8140582	0.99994	1
0.8140582	1	1
0.8140582	0.99939	1
0.8140582	0.99994	1
0.8140582	0.99998	1
0.8140582	0.99996	1
0.8140582	0.99999	1
0.8140582	0.94053	1
0.8140582	0.99994	1
0.8140582	0.99997	1
0.8140582	0.99988	1
0.8140582	1	1
0.8140582	0.99997	1
0.8140582	0.99847	1
0.8140582	0.99983	1
0.8140582	0.99948	1
0.8140582	1	1
0.8140582	0.99997	1
0.8140582	0.99995	1
0.8140582	0.99981	1
0.8140582	0.99996	1
0.8140582	1	1
0.8140582	0.99473	1
0.8140582	0.99954	1
0.8140582	0.99978	1
0.8140582	0.99977	1
0.8140582	1	1
0.8140582	0.99984	1
0.8140582	0.9977	1
0.8140582	0.99999	1
0.8140582	0.9994	1
0.8140582	0.99751	1
0.8140582	0.99997	1
0.8140582	0.99973	1
0.8140582	1	1
0.8140582	0.99989	1
0.8140582	0.99939	1
0.8140582	0.99994	1
0.8140582	0.99998	1
0.8140582	0.99999	1
0.8140582	0.9996	1
0.8140582	0.99986	1
0.8140582	0.9999	1
0.8140582	0.9832	1
0.8140582	1	1
0.8140582	0.99993	1
0.8140582	0.99842	1
0.8140582	0.99585	1
0.8140582	0.99848	1
0.8140582	1	1
0.8140582	0.99162	1
0.8140582	0.9999	1
0.8140582	0.99898	1
0.8140582	0.82855	1
0.8140582	0.99999	1
0.8140582	0.99997	1
0.8140582	0.99986	1
0.8140582	0.99988	1
0.8140582	0.9999	1
0.8140582	1	1
0.8140582	0.99969	1
0.8140582	0.99995	1
0.8140582	0.99996	1
0.8140582	0.99937	1
0.8140582	1	1
0.8140582	0.99613	1
0.8140582	0.99957	1
0.8140582	0.99998	1
0.8140582	1	1
0.8140582	0.96519	1
0.8140582	0.99996	1
0.8140582	0.9999	1
0.8140582	0.99963	1
0.8140582	1	1
0.8140582	0.99978	1
0.8140582	0.99996	1
0.8140582	0.99951	1
0.8140582	0.99981	1
0.8140582	1	1
0.8140582	0.99991	1
0.8140582	0.99993	1
0.8140582	0.99993	1
0.8140582	0.99893	1
0.8140582	1	1
0.8140582	0.99995	1
0.8140582	0.99994	1
0.8140582	0.99981	1
0.8140582	0.99972	1
0.8140582	1	1
0.8140582	0.99935	1
0.8140582	0.99993	1
0.8140582	0.99994	1
0.8140582	0.99739	1
0.8140582	1	1
0.8140582	0.99973	1
0.8140582	0.99993	1
0.8140582	0.99955	1
0.8140582	0.99985	1
0.8140582	1	1
0.8140582	0.99998	1
0.8140582	0.99945	1
0.8140582	0.99981	1
0.8140582	0.99994	1
0.8140582	0.99998	1
0.8140582	0.99975	1
0.8140582	0.99996	1
0.8140582	0.99996	1
0.8140582	0.99995	1
0.8140582	0.99972	1
0.8140582	1	1
0.8140582	0.99982	1
0.8140582	0.9996	1
0.8140582	0.99996	1
0.8140582	0.99998	1
0.8140582	0.99183	1
0.8140582	0.99991	1
0.8140582	0.99983	1
0.8140582	0.99991	1
0.8140582	0.99491	1
0.8140582	1	1
0.8140582	0.99993	1
0.8140582	0.99976	1
0.8140582	0.99989	1
0.8140582	0.99695	1
0.8140582	1	1
0.8140582	0.99998	1
0.8140582	0.99985	1
0.8140582	0.99995	1
0.8140582	0.99997	1
0.8140582	0.99997	1
0.8140582	0.99999	1
0.8140582	0.99963	1
0.8140582	0.972	1
0.8140582	0.99986	1
0.8140582	0.99999	1
0.8140582	0.99994	1
0.8140582	0.99739	1
0.8140582	0.99993	1
0.8140582	0.99987	1
0.8140582	1	1
0.8140582	0.99994	1
0.8140582	0.99988	1
0.8140582	0.99961	1
0.8140582	1	1
0.8140582	0.99991	1
0.8140582	0.99992	1
0.8140582	0.99982	1
0.8140582	0.99997	1
0.8140582	1	1
0.8140582	0.99942	1
0.8140582	0.99908	1
0.8140582	0.99991	1
0.8140582	1	1
0.8140582	0.99997	1
0.8140582	0.99994	1
0.8140582	1	1
0.8140582	0.99058	1
0.8140582	0.99929	1
0.8140582	1	1
0.8140582	1	1
0.8140582	1	1
